0 0.09140625 0.5171875 0.03828125 0.04375
0 0.2125 0.5015625 0.01875 0.0296875
0 0.253125 0.5109375 0.034375 0.03359375
0 0.30546875 0.52890625 0.03359375 0.03359375
0 0.37578125 0.52578125 0.034375 0.0328125
0 0.43828125 0.5234375 0.03359375 0.03359375
0 0.5171875 0.5203125 0.03359375 0.03359375
0 0.58671875 0.51171875 0.0359375 0.0359375
0 0.64765625 0.53671875 0.0359375 0.03671875
0 0.70078125 0.5390625 0.03359375 0.0328125
0 0.77890625 0.5765625 0.0296875 0.03671875
0 0.8296875 0.5234375 0.03671875 0.040625